EM* LkHA 346           , 4108623134827072384, 257.8220029, -27.4190194, 7.21, 1.11,  -5.54 2.38, -10.88, 1.76, Barnard 59               
2MASS J17113036-2726292, 4108628666744942848, 257.8765466, -27.4415534, 6.39, 0.19,   2.37 0.34, -19.94, 0.23, Barnard 59               
2MASS J17112701-2723485, 4108629079061808640, 257.8625319, -27.3969175, 6.02, 0.53,  -0.50 1.13, -16.58, 0.78, Barnard 59               
2MASS J17112942-2725367, 4108628696759417088, 257.8725897, -27.4270103, 6.18, 0.63,  -0.83 1.17, -19.01, 0.84, Barnard 59               
2MASS J17112729-2725283, 4108628735464421888, 257.8637175, -27.4246713, 7.10, 0.70,   1.21 1.40, -18.33, 0.95, Barnard 59               
2MASS J17114182-2725477, 4108581830073089664, 257.9243060, -27.4299610, 6.35, 0.06,  -0.91 0.10, -17.91, 0.07, Barnard 59               
2MASS J17111182-2726547, 4108622958683089664, 257.7992678, -27.4486738, 6.20, 0.54,  -1.23 1.08, -18.92, 0.76, Barnard 59               
2MASS J17111445-2726543, 4108622928668639872, 257.8102231, -27.4485307, 6.26, 0.21,  -0.10 0.40, -19.05, 0.26, Barnard 59               
[BHB2007] 18NE         , 4108581834417498112, 257.9238374, -27.4307035, 6.18, 0.09,  -0.50 0.15, -18.20, 0.10, Barnard 59               
2MASS J17110411-2722593, 4108624195634062464, 257.7671511, -27.3832858, 5.92, 0.30,  -1.41 0.59, -21.63, 0.34, Barnard 59               
2MASS J17111631-2725144, 4108623100467334400, 257.8179645, -27.4208093, 6.29, 0.10,  -2.24 0.20, -19.00, 0.14, Barnard 59               
RNO 129                , 2296837326082470784, 314.8089437,  78.3845228, 3.21, 0.13,   4.65 0.14,   3.31, 0.14, Cepheus Flare            
2MASS J22394030+7513216, 2279579047977767168, 339.9179977,  75.2226610, 2.42, 0.20,   8.22 0.20,   0.73, 0.23, Cepheus Flare            
V* FW Cep              , 2270056968043900928, 315.6376337,  68.1247463, 2.95, 0.02,   7.05 0.02,  -1.02, 0.02, Cepheus Flare            
SSTgbs J2101271+6810380, 2270245637367812608, 315.3628836,  68.1772135, 2.76, 0.09,   6.67 0.09,  -0.86, 0.10, Cepheus Flare            
2MASS J22352722+7518019, 2279608872230627712, 338.8635127,  75.3005538, 2.52, 0.08,   7.06 0.08,   0.69, 0.09, Cepheus Flare            
[KBK2009b] Em* 119 N   , 2229716607976140032, 336.7358416,  71.3003265, 2.74, 0.32,  -5.81 0.30,  -4.62, 0.35, Cepheus Flare            
V* PV Cep              , 2246924068029363840, 311.4749016,  67.9607354, 2.91, 0.06,   8.23 0.06,  -1.98, 0.06, Cepheus Flare            
2MASS J20530638+7450348, 2277845423082083200, 313.2766058,  74.8430125, 2.68, 0.02,   5.17 0.02,   2.41, 0.02, Cepheus Flare            
BD+65 1636             , 2218010416911081856, 325.6920272,  66.0871951, 3.09, 0.04,  17.92 0.04,   6.74, 0.04, Cepheus Flare            
V* EH Cep              , 2270052256462948736, 315.8517189,  67.9851344, 3.04, 0.07,   7.27 0.07,  -2.33, 0.07, Cepheus Flare            
BD+68 1118             , 2270536045876468096, 319.4133444,  68.9193607, 2.97, 0.02,   7.78 0.02,  -0.99, 0.02, Cepheus Flare            
2MASS J22140608+7005043, 2229371258245926528, 333.5254434,  70.0845544, 2.64, 0.02,   4.97 0.02,   1.19, 0.02, Cepheus Flare            
2MASS J22381872+7511538, 2279558225976310016, 339.5780716,  75.1982771, 2.70, 0.07,   7.36 0.08,   1.37, 0.09, Cepheus Flare            
V* BH Cep              , 2223441007923049600, 330.4287562,  69.7434441, 2.98, 0.02,   9.65 0.02,  -1.60, 0.02, Cepheus Flare            
[KBK2009b] OSHA 48 B   , 2278684732707191296, 315.3728059,  77.0437696, 2.66, 0.03,   5.27 0.03,   3.85, 0.04, Cepheus Flare            
2MASS J22351668+7518471, 2279609147108531072, 338.8196069,  75.3130821, 2.73, 0.04,   6.75 0.04,   1.38, 0.04, Cepheus Flare            
2MASS J22491626+7549438, 2281099122804000384, 342.3179168,  75.8288238, 2.88, 0.02,   7.92 0.03,   0.65, 0.02, Cepheus Flare            
2MASS J22372780+7515256, 2279559531646356608, 339.3660172,  75.2571458, 2.82, 0.06,   6.99 0.06,   0.19, 0.07, Cepheus Flare            
2MASS J22392717+7510284, 2279554721283008640, 339.8634789,  75.1745745, 2.96, 0.04,   6.37 0.05,   1.10, 0.05, Cepheus Flare            
2MASS J21440537+6605531, 2218008419749675520, 326.0223846,  66.0980600, 3.28, 0.30,  -5.27 0.32,  -4.51, 0.35, Cepheus Flare            
2MASS J22154189+6938566, 2223295734949415168, 333.9246836,  69.6490823, 2.65, 0.02,   5.35 0.02,   0.20, 0.02, Cepheus Flare            
2MASS J20584668+7740256, 2278790732500264704, 314.6948910,  77.6738756, 2.90, 0.21,   6.88 0.26,   3.69, 0.22, Cepheus Flare            
2MASS J22163111+7002393, 2229359404136415744, 334.1296586,  70.0442679, 2.56, 0.03,   4.78 0.03,   0.68, 0.03, Cepheus Flare            
2MASS J20361986+6756316, 2246967876695385728, 309.0828551,  67.9421309, 2.89, 0.09,   7.75 0.09,  -1.47, 0.11, Cepheus Flare            
2MASS J20590373+7823088, 2296837291724360320, 314.7657536,  78.3858374, 3.36, 0.23,   4.98 0.26,   1.68, 0.26, Cepheus Flare            
2MASS J21030242+7626538, 2278376525852620160, 315.7610828,  76.4483800, 2.75, 0.03,   5.54 0.05,   2.52, 0.04, Cepheus Flare            
2MASS J21030242+7626538, 2278376525853640960, 315.7596506,  76.4483517, 3.06, 0.26,   4.67 0.34,   3.58, 0.32, Cepheus Flare            
2MASS J21323108+7621567, 2283617485466972672, 323.1296658,  76.3657522, 2.89, 0.07,   5.96 0.07,   2.83, 0.08, Cepheus Flare            
[KWD2009] 57           , 2270053875667453056, 315.7478546,  68.1089387, 3.06, 0.04,   7.17 0.04,  -1.74, 0.04, Cepheus Flare            
HD 200775              , 2270245431209611776, 315.4039235,  68.1632627, 2.77, 0.04,   8.34 0.04,  -1.57, 0.04, Cepheus Flare            
2MASS J21014250+6812572, 2270246148467658624, 315.4271168,  68.2159604, 3.07, 0.07,   7.53 0.08,  -0.67, 0.08, Cepheus Flare            
2MASS J22374953+7504065, 2279552247381849600, 339.4566104,  75.0684662, 2.89, 0.02,   6.36 0.02,   0.93, 0.02, Cepheus Flare            
2MASS J21020488+7657184, 2278495754146297472, 315.5205653,  76.9551700, 2.67, 0.01,   5.98 0.01,   3.49, 0.01, Cepheus Flare            
2MASS J22384249+7511455, 2279555679058924928, 339.6772207,  75.1959647, 3.06, 0.08,   6.92 0.10,  -0.60, 0.11, Cepheus Flare            
2MASS J21014960+7705479, 2278690986179573504, 315.4567204,  77.0966689, 2.69, 0.08,   5.31 0.10,   4.46, 0.09, Cepheus Flare            
V* PW Cep              , 2270245259410695808, 315.4003516,  68.1395764, 2.99, 0.05,   6.97 0.06,  -1.64, 0.06, Cepheus Flare            
2MASS J21013267+7701176, 2278684560906693504, 315.3856877,  77.0215455, 2.59, 0.04,   5.00 0.04,   4.59, 0.04, Cepheus Flare            
V* FU Cep              , 2270057689598399360, 315.4448747,  68.1458945, 2.96, 0.04,   7.77 0.04,  -1.43, 0.04, Cepheus Flare            
2MASS J21005285+7703148, 2278684904505877376, 315.2202375,  77.0541691, 2.58, 0.07,   5.68 0.08,   4.25, 0.08, Cepheus Flare            
2MASS J21205785+6848183, 2222486906706076544, 320.2411494,  68.8051019, 2.97, 0.07,   7.89 0.08,  -1.44, 0.08, Cepheus Flare            
V* BO Cep              , 2229359472855896832, 334.2253096,  70.0625099, 2.67, 0.02,   5.04 0.02,   3.28, 0.02, Cepheus Flare            
2MASS J22352542+7517562, 2279608872230627584, 338.8559839,  75.2989604, 2.76, 0.09,   7.00 0.08,   0.72, 0.10, Cepheus Flare            
2MASS J20580681+7744024, 2278791935090931200, 314.5285958,  77.7340099, 2.87, 0.02,   5.91 0.02,   0.20, 0.02, Cepheus Flare            
2MASS J22363545+7521352, 2279609456346180480, 339.1478840,  75.3598122, 2.36, 0.21,   6.89 0.19,   0.52, 0.26, Cepheus Flare            
2MASS J22433926+7506302, 2231524617408985472, 340.9137637,  75.1083971, 2.84, 0.02,   6.88 0.02,   0.69, 0.02, Cepheus Flare            
2MASS J21012637+6810385, 2270245637367812352, 315.3599843,  68.1773379, 3.05, 0.05,   7.65 0.06,  -1.42, 0.06, Cepheus Flare            
2MASS J21055189+7722189, 2278719569185243136, 316.4664127,  77.3719803, 2.36, 0.05,   4.69 0.05,   3.91, 0.05, Cepheus Flare            
2MASS J21425719+6606346, 2218011928743860736, 325.7382967,  66.1096287, 0.97, 0.06,  -1.85 0.05,  -3.21, 0.06, NGC 7129                 
V* V982 Cep            , 2221021670024157312, 325.3880824,  66.3723398, 1.34, 0.07,  -2.27 0.08,  -3.40, 0.08, NGC 7129                 
2MASS J21424705+6604578, 2218010416915374208, 325.6960675,  66.0827409, 1.28, 0.08,  -3.31 0.07,  -2.09, 0.08, NGC 7129                 
EM* LkHA 234           , 2218012031823081856, 325.7784064,  66.1150414, 1.08, 0.02,  -1.54 0.02,  -3.24, 0.02, NGC 7129                 
2MASS J21424987+6605426, 2218011890087053056, 325.7077559,  66.0951283, 1.39, 0.15,  -2.00 0.15,  -2.76, 0.16, NGC 7129                 
2MASS J21425141+6605562, 2218011890087053568, 325.7141784,  66.0989888, 1.03, 0.17,  -1.28 0.16,  -3.85, 0.16, NGC 7129                 
[MMN2004b] 2           , 2218010687492665728, 325.6616950,  66.1099697, 1.36, 0.23,  -0.76 0.25,  -2.52, 0.26, NGC 7129                 
2MASS J21431235+6609554, 2218012719017837312, 325.8014568,  66.1653691, 0.78, 0.13,  -1.42 0.13,  -3.81, 0.13, NGC 7129                 
[MMN2004b] 1           , 2218011305971978112, 325.5961033,  66.1011845, 0.87, 0.23,  -2.65 0.21,  -3.91, 0.22, NGC 7129                 
2MASS J21425877+6606368, 2218011928743861760, 325.7447331,  66.1102490, 1.08, 0.06,  -1.51 0.06,  -3.87, 0.07, NGC 7129                 
2MASS J21424031+6610069, 2218013234413897728, 325.6679384,  66.1685981, 1.00, 0.02,  -1.73 0.02,  -3.29, 0.02, NGC 7129                 
2MASS J21431806+6605352, 2218009003865226752, 325.8253051,  66.0931124, 1.31, 0.13,  -2.39 0.13,  -3.72, 0.14, NGC 7129                 
2MASS J21431937+6607215, 2218012371119613056, 325.8306903,  66.1226470, 1.28, 0.19,  -1.99 0.19,  -4.56, 0.20, NGC 7129                 
[MMN2004b] 22          , 2218009489202455296, 325.9309398,  66.1251665, 0.60, 0.15,  -3.16 0.15,  -4.48, 0.17, NGC 7129                 
V* V350 Cep            , 2218013543651547904, 325.7499456,  66.1910663, 1.11, 0.04,  -1.40 0.04,  -3.84, 0.04, NGC 7129                 
2MASS J21430188+6606447, 2218012031823079040, 325.7578231,  66.1124223, 1.15, 0.05,  -2.06 0.04,  -3.04, 0.05, NGC 7129                 
2MASS J21425489+6607213, 2218012130605231360, 325.7287168,  66.1225709, 0.99, 0.13,  -1.96 0.12,  -3.07, 0.13, NGC 7129                 
2MASS J21432695+6609365, 2218012478499680896, 325.8622529,  66.1601092, 1.09, 0.03,  -2.18 0.03,  -3.56, 0.04, NGC 7129                 
2MASS J21424790+6606530, 2218012169262022656, 325.6995560,  66.1147189, 1.52, 0.09,  -2.02 0.08,  -3.06, 0.09, NGC 7129                 
2MASS J21425582+6605426, 2218011890087054080, 325.7325191,  66.0951899, 1.28, 0.28,  -0.82 0.28,  -3.07, 0.29, NGC 7129                 
V* V391 Cep            , 2221086300691946112, 325.1147393,  66.5892154, 1.16, 0.02,  -1.56 0.02,  -3.14, 0.03, NGC 7129                 
2MASS J21425404+6608147, 2218012302403922816, 325.7250827,  66.1374308, 0.93, 0.12,  -1.41 0.12,  -2.72, 0.12, NGC 7129                 
2MASS J21425261+6606572, 2218012134902286208, 325.7192357,  66.1159380, 1.09, 0.10,  -1.03 0.10,  -2.41, 0.10, NGC 7129                 
2MASS J21430168+6607089, 2218012031823076480, 325.7569947,  66.1191394, 1.09, 0.03,  -1.51 0.03,  -3.71, 0.04, NGC 7129                 
[GMM2009] NGC 7129 53  , 2218012512859422976, 325.8825438,  66.1473662, 1.12, 0.06,  -1.83 0.06,  -2.90, 0.07, NGC 7129                 
2MASS J21401174+6630198, 2221037544223487360, 325.0488346,  66.5054822, 1.18, 0.03,  -2.04 0.03,  -3.87, 0.04, NGC 7129                 
2MASS J21425998+6606424, 2218011924446803840, 325.7499127,  66.1117618, 0.84, 0.12,  -1.35 0.13,  -3.83, 0.13, NGC 7129                 
2MASS J21424608+6605562, 2218012100542548352, 325.6919984,  66.0989727, 1.00, 0.06,  -1.57 0.07,  -3.51, 0.07, NGC 7129                 
2MASS J21430502+6606533, 2218012031823080576, 325.7707378,  66.1147959, 1.37, 0.10,  -0.14 0.11,  -3.57, 0.12, NGC 7129                 
2MASS J21425193+6606337, 2218012096245491456, 325.7164233,  66.1093710, 1.09, 0.08,  -1.50 0.09,  -3.28, 0.10, NGC 7129                 
BD+65 1637             , 2218012096241598976, 325.7090630,  66.1097572, 1.12, 0.02,  -1.90 0.02,  -3.75, 0.03, NGC 7129                 
[MMN2004b] 17          , 2218012650298363136, 325.7982900,  66.1531610, 1.11, 0.17,   1.05 0.18,  -5.30, 0.19, NGC 7129                 
2MASS J21424049+6609516, 2218013234409590656, 325.6689140,  66.1643890, 1.47, 0.30,  -2.10 0.30,  -2.80, 0.31, NGC 7129                 
GN 21.39.6             , 2221086231972477440, 325.1605293,  66.5836557, 1.29, 0.09,  -1.13 0.08,  -3.77, 0.10, NGC 7129                 
2MASS J21425475+6606353, 2218012130605231104, 325.7281328,  66.1098345, 1.16, 0.09,  -1.83 0.10,  -3.74, 0.10, NGC 7129                 
2MASS J21425590+6607208, 2218012130605232000, 325.7329508,  66.1224516, 1.28, 0.19,  -2.03 0.19,  -3.01, 0.20, NGC 7129                 
2MASS J21425092+6606036, 2218012100542551040, 325.7121590,  66.1010094, 1.07, 0.05,  -1.85 0.05,  -2.89, 0.05, NGC 7129                 
2MASS J21402277+6636312, 2221086506850366976, 325.0947611,  66.6086220, 0.99, 0.07,  -1.74 0.07,  -3.52, 0.09, NGC 7129                 
2MASS J21424532+6607044, 2218012164964966016, 325.6887943,  66.1178909, 1.08, 0.24,  -2.69 0.26,  -4.60, 0.27, NGC 7129                 
2MASS J21425321+6607207, 2218012130605230464, 325.7217167,  66.1224242, 1.10, 0.08,  -1.85 0.08,  -3.13, 0.08, NGC 7129                 
V* IM Cha              , 5201157193040414464, 168.0141312, -77.4335653, 5.39, 0.09, -23.33 0.10,   0.74, 0.11, Chamaeleon I             
Hen 3-545              , 5201226389256838528, 164.7786111, -77.0278541, 5.33, 0.03, -22.73 0.02,   2.22, 0.02, Chamaeleon I             
BYB 43                 , 5201160663373986176, 167.4470079, -77.4414389, 5.18, 0.11, -21.86 0.14,   1.08, 0.14, Chamaeleon I             
V* WX Cha              , 5201148946701210624, 167.4947580, -77.6190443, 5.20, 0.34, -23.04 0.66,   4.61, 0.73, Chamaeleon I             
V* WX Cha              , 5201148946703195904, 167.4939907, -77.6191689, 5.23, 0.07, -22.30 0.08,   0.96, 0.08, Chamaeleon I             
2MASS J10533978-7712338, 5201384581492347904, 163.4152251, -77.2094145, 5.21, 0.09, -22.98 0.09,   3.33, 0.10, Chamaeleon I             
HJM C 1-4              , 5201350157332278784, 167.5149461, -76.5581233, 4.97, 0.07, -21.66 0.07,  -1.37, 0.08, Chamaeleon I             
HJM E 1-7              , 5201303050130979840, 167.8944015, -76.6059068, 5.11, 0.02, -21.66 0.02,  -0.94, 0.02, Chamaeleon I             
CHXR 14S               , 5201362045801516544, 166.2198610, -76.4309814, 5.24, 0.02, -21.72 0.02,   0.14, 0.02, Chamaeleon I             
V* HP Cha              , 5201153035509861888, 167.0641004, -77.5648441, 5.25, 0.11, -22.96 0.13,   0.99, 0.06, Chamaeleon I             
2MASS J11152180-7724042, 5201240309248796672, 168.8402609, -77.4011478, 5.46, 0.06, -23.46 0.06,   0.04, 0.06, Chamaeleon I             
HJM E 4-3              , 5201265666735512064, 168.1749963, -76.9778100, 5.29, 0.02, -22.78 0.03,  -0.66, 0.03, Chamaeleon I             
V* DI Cha              , 5201129121134048768, 166.8359117, -77.6353581, 5.25, 0.03, -22.47 0.03,   0.93, 0.03, Chamaeleon I             
ESO-HA 568             , 5201160521639501696, 167.7109754, -77.3008772, 5.34, 0.07, -22.27 0.08,   1.09, 0.08, Chamaeleon I             
HJM C 6-2              , 5201163480872489088, 167.6183231, -77.2832159, 5.52, 0.08, -23.42 0.08,   1.40, 0.09, Chamaeleon I             
HJM C 1-24             , 5201350049957132800, 167.4420572, -76.5795885, 5.13, 0.06, -20.89 0.07,  -0.85, 0.08, Chamaeleon I             
V* CW Cha              , 5201295319189804160, 168.1284565, -76.7400027, 5.10, 0.04, -22.03 0.04,  -0.59, 0.05, Chamaeleon I             
CHXR 76                , 5201129705249611008, 166.8961092, -77.5803567, 5.29, 0.07, -23.21 0.09,   0.59, 0.09, Chamaeleon I             
V* SZ Cha              , 5201199348142249216, 164.5693330, -77.2880985, 5.27, 0.04, -23.37 0.03,   1.86, 0.04, Chamaeleon I             
Sz 41                  , 5201302294216744960, 168.1012497, -76.6183852, 5.16, 0.02, -21.79 0.02,  -0.43, 0.02, Chamaeleon I             
2MASS J11073832-7747168, 5201119878364524928, 166.9091470, -77.7879815, 5.21, 0.07, -23.06 0.07,   1.20, 0.08, Chamaeleon I             
V* HS Cha              , 5201351085045200640, 167.2285867, -76.5447678, 5.14, 0.08, -22.27 0.09,  -0.86, 0.10, Chamaeleon I             
V* UY Cha              , 5201209351123255296, 166.7454841, -77.3148277, 5.25, 0.05, -23.32 0.05,   1.71, 0.06, Chamaeleon I             
SSTgbs J1108171-774411 , 5201126063117435520, 167.0705673, -77.7366239, 5.36, 0.10, -23.16 0.11,   2.33, 0.11, Chamaeleon I             
Hn 1                   , 5201180248424735488, 165.6354056, -77.4869429, 5.12, 0.15, -21.36 0.15,   0.92, 0.16, Chamaeleon I             
Sz 30                  , 5201154444259173632, 167.2980241, -77.4869599, 5.07, 0.09, -21.48 0.11,  -0.72, 0.12, Chamaeleon I             
V* WW Cha              , 5201350015597394944, 167.4999171, -76.5827713, 5.21, 0.03, -22.25 0.04,  -0.32, 0.04, Chamaeleon I             
V* WY Cha              , 5201352253276350720, 167.5288824, -76.4938040, 5.57, 0.28, -22.72 0.29,  -3.49, 0.28, Chamaeleon I             
V* UV Cha              , 5201369845462148224, 166.4688457, -76.3070619, 5.52, 0.02, -23.82 0.02,   2.30, 0.02, Chamaeleon I             
V* HL Cha              , 5201129292932746880, 166.9672736, -77.6158398, 5.09, 0.10, -23.14 0.12,   1.44, 0.12, Chamaeleon I             
Ass Cha T 1-15         , 5201128743176925184, 166.9314562, -77.6614278, 5.13, 0.05, -23.04 0.06,  -0.29, 0.06, Chamaeleon I             
V* VZ Cha              , 5201353936903777152, 167.3486629, -76.3891286, 5.20, 0.02, -21.53 0.03,  -0.45, 0.02, Chamaeleon I             
Ass Cha T 1-20         , 5201164202426983040, 167.1621692, -77.2678194, 5.31, 0.05, -22.87 0.05,   1.19, 0.06, Chamaeleon I             
CHSM 1715              , 5201335481425778560, 166.0172583, -76.6591550, 5.20, 0.09, -23.60 0.09,  -0.75, 0.09, Chamaeleon I             
HD 97300               , 5201344075658558720, 167.4580168, -76.6132558, 5.18, 0.03, -21.01 0.04,  -0.61, 0.04, Chamaeleon I             
Hn 21E                 , 5201143758382914176, 168.6083267, -77.5512315, 5.38, 0.10, -22.31 0.10,   0.09, 0.11, Chamaeleon I             
V* HQ Cha              , 5201152245237987072, 167.1641256, -77.5713125, 5.58, 0.11, -23.23 0.14,   1.44, 0.13, Chamaeleon I             
Glass H                , 5201155402038028672, 166.9817915, -77.4570790, 4.94, 0.23, -23.26 0.29,  -0.89, 0.26, Chamaeleon I             
Ass Cha T 2-54         , 5201159082825975552, 168.1773223, -77.3730372, 4.96, 0.40, -23.75 0.39,  -0.33, 0.41, Chamaeleon I             
V* XX Cha              , 5225374074083637376, 167.9149063, -76.3375101, 5.25, 0.03, -21.90 0.03,   0.08, 0.03, Chamaeleon I             
CHXR 14N               , 5201362423758639744, 166.2122011, -76.4233551, 5.27, 0.03, -21.50 0.02,   0.04, 0.03, Chamaeleon I             
V* UX Cha              , 5201201139145691648, 166.6874484, -77.4506549, 5.39, 0.03, -22.71 0.04,   1.69, 0.04, Chamaeleon I             
HJM E 4-4              , 5201264464144664832, 168.3334847, -77.0178969, 5.32, 0.02, -23.53 0.03,   0.98, 0.03, Chamaeleon I             
Ass Cha T 1-32         , 5201272195086070144, 169.4036416, -77.0772621, 5.31, 0.02, -22.00 0.02,  -1.43, 0.02, Chamaeleon I             
2MASS J11103481-7722053, 5201159838740203520, 167.6445326, -77.3681245, 5.27, 0.12, -21.63 0.14,   0.38, 0.15, Chamaeleon I             
CHX 18N                , 5225327134382282880, 167.9426721, -76.3358201, 5.19, 0.03, -21.80 0.03,  -0.34, 0.02, Chamaeleon I             
[CCE98] 1-74           , 5201351806599748992, 167.3233604, -76.4660796, 5.09, 0.04, -18.80 0.04,   1.89, 0.04, Chamaeleon I             
HD 97048               , 5201128124701636864, 167.0133422, -77.6548530, 5.41, 0.03, -22.44 0.04,   1.30, 0.04, Chamaeleon I             
Ass Cha T 1-27         , 5201160525934988288, 167.7060911, -77.2977040, 5.40, 0.04, -22.29 0.04,   1.31, 0.04, Chamaeleon I             
Ass Cha T 1-23         , 5201350088612791168, 167.4720813, -76.5737832, 4.95, 0.12, -26.89 0.15,   2.13, 0.15, Chamaeleon I             
Hn 21W                 , 5201143758382913792, 168.6017093, -77.5517763, 5.29, 0.07, -22.59 0.07,   0.43, 0.08, Chamaeleon I             
2MASS J11075993-7715317, 5201211172189327744, 166.9991021, -77.2588190, 5.15, 0.14, -21.94 0.13,   0.12, 0.14, Chamaeleon I             
Sz 13                  , 5201207736215474688, 166.2370936, -77.2658452, 5.14, 0.09, -22.90 0.09,   0.55, 0.08, Chamaeleon I             
V* CV Cha              , 5201295319189803392, 168.1150336, -76.7395319, 5.17, 0.02, -21.57 0.02,  -1.05, 0.03, Chamaeleon I             
V* HR Cha              , 5201152760634067712, 167.2253582, -77.5365687, 5.30, 0.10, -23.24 0.12,   0.99, 0.12, Chamaeleon I             
V* FN Cha              , 5201349985533568896, 167.5190805, -76.5959086, 5.13, 0.02, -20.70 0.03,  -1.03, 0.02, Chamaeleon I             
Ass Cha T 1-8          , 5201206048291386880, 165.7288050, -77.3641068, 5.49, 0.04, -23.59 0.04,   1.91, 0.05, Chamaeleon I             
V* CT Cha              , 5201360671411974912, 166.0375038, -76.4553693, 5.21, 0.02, -22.21 0.02,  -0.17, 0.02, Chamaeleon I             
CHX 15b                , 5201353077910070528, 167.4165325, -76.4775667, 5.46, 0.27, -19.83 0.28,   1.24, 0.28, Chamaeleon I             
V* WZ Cha              , 5201303325008889856, 167.7217691, -76.5755752, 5.14, 0.03, -21.62 0.03,  -0.66, 0.03, Chamaeleon I             
HJM C 7-1              , 5201160663373911552, 167.4268784, -77.4327568, 5.33, 0.14, -22.60 0.16,   0.37, 0.17, Chamaeleon I             
Ass Cha T 1-19         , 5201126063117435136, 167.0682721, -77.7436640, 5.36, 0.07, -22.24 0.07,   1.17, 0.07, Chamaeleon I             
Hn 3                   , 5201205468472723840, 165.9862905, -77.3591507, 5.56, 0.07, -24.38 0.08,   3.38, 0.07, Chamaeleon I             
HJM C 1-10             , 5201344659774097664, 167.1691533, -76.6021807, 5.10, 0.05, -23.62 0.06,   0.77, 0.06, Chamaeleon I             
2MASS J10550964-7730540, 5201001852664912512, 163.7897632, -77.5150545, 5.17, 0.07, -22.21 0.07,   0.77, 0.07, Chamaeleon I             
Sz 23                  , 5201126441074447872, 166.9916039, -77.7114890, 5.42, 0.07, -22.69 0.06,  -0.55, 0.07, Chamaeleon I             
2MASS J11042275-7718080, 5201207255177049088, 166.0942355, -77.3022933, 5.50, 0.14, -21.48 0.13,   2.18, 0.12, Chamaeleon I             
2MASS J11142906-7625399, 5225322603195569920, 168.6206873, -76.4278114, 5.24, 0.07, -22.07 0.06,  -0.01, 0.07, Chamaeleon I             
Ass Cha T 1-12         , 5225392628342178688, 166.8293757, -76.0513498, 5.08, 0.05, -22.31 0.05,   0.44, 0.05, Chamaeleon I             
2MASS J11094525-7740332, 5201125272843631616, 167.4379736, -77.6759316, 5.12, 0.10, -23.12 0.12,  -0.35, 0.11, Chamaeleon I             
V* SX Cha              , 5201378641555926784, 163.9987011, -77.4111463, 5.40, 0.03, -23.81 0.03,   2.19, 0.03, Chamaeleon I             
Sz 55                  , 5788202016074253440, 196.6267467, -77.5667418, 5.06, 0.06, -20.02 0.06,  -6.68, 0.07, Chamaeleon II            
Sz 53                  , 5788204799213069312, 196.3024074, -77.5146349, 5.07, 0.06, -20.69 0.05,  -7.62, 0.06, Chamaeleon II            
Sz 56                  , 5788205447749623936, 196.6612063, -77.5098368, 5.25, 0.06, -20.71 0.06,  -8.94, 0.06, Chamaeleon II            
NAME Sz 46N            , 5789146187323908736, 194.1398097, -76.7626772, 5.11, 0.05, -21.27 0.04,  -7.65, 0.05, Chamaeleon II            
NAME Sz 60W            , 5788189234251571456, 196.8427308, -77.6229944, 5.12, 0.04, -19.86 0.04,  -7.39, 0.05, Chamaeleon II            
2MASS J13005346-7709086, 5788932607187147264, 195.2228725, -77.1523697, 5.04, 0.06, -21.40 0.05,  -8.24, 0.07, Chamaeleon II            
V* CM Cha              , 5789239989411572608, 195.5559590, -76.6327656, 5.15, 0.02, -20.99 0.02,  -9.14, 0.02, Chamaeleon II            
NAME Sz 60E            , 5788189234251571328, 196.8469942, -77.6231518, 5.08, 0.06, -20.24 0.05,  -7.17, 0.07, Chamaeleon II            
2MASS J13005622-7654021, 5789044478200012160, 195.2339332, -76.9006928, 4.88, 0.04, -19.57 0.03,  -7.93, 0.05, Chamaeleon II            
V* BM Cha              , 5788133399676686208, 197.0257184, -77.9181795, 4.96, 0.05, -19.65 0.04,  -7.53, 0.05, Chamaeleon II            
NAME Sz 48NE           , 5788932607187147136, 195.2214101, -77.1526181, 5.00, 0.09, -20.75 0.13,  -7.73, 0.14, Chamaeleon II            
Sz 57                  , 5788957930319480960, 196.7353364, -77.3860459, 5.26, 0.12, -20.31 0.09,  -7.81, 0.13, Chamaeleon II            
2MASS J12020369-7853012, 5788534858859490432, 180.5144914, -78.8837201,10.01, 0.05, -45.12 0.08,  -4.12, 0.07, $epsilon$ Chamaeleontis  
RX J1150.9-7411        , 5226638821696840576, 177.6868374, -74.1871137,10.63, 0.18, -39.50 0.32,  -8.07, 0.29, $epsilon$ Chamaeleontis  
2MASS J12315607-7848324, 5787649923798412800, 187.9827705, -78.8090832, 9.97, 0.04, -39.88 0.07, -11.61, 0.07, $epsilon$ Chamaeleontis  
[FLG2003] eps Cha 20   , 5224187838477368704, 179.6109024, -77.9125991, 9.66, 0.04, -39.57 0.06,  -5.69, 0.06, $epsilon$ Chamaeleontis  
RX J1123.2-7924        , 5199757544803148800, 170.7311016, -79.4122987, 9.38, 0.02, -31.67 0.04, -17.44, 0.04, $epsilon$ Chamaeleontis  
2MASS J12074825-7952424, 5787486405802316288, 181.9501334, -79.8784683,10.02, 0.03, -42.06 0.06,  -7.11, 0.05, $epsilon$ Chamaeleontis  
HD 104467              , 5788345708499360256, 180.4120379, -78.9880538,10.14, 0.17, -41.11 0.26,  -5.41, 0.26, $epsilon$ Chamaeleontis  
2MASS J12163007-6711477, 5859687932830033024, 184.1248008, -67.1966383, 9.33, 0.03, -37.51 0.06,  -8.15, 0.05, $epsilon$ Chamaeleontis  
2MASS J12025461-7718382, 5836953532716155264, 180.7268626, -77.3106030, 9.61, 0.03, -39.63 0.07,  -6.04, 0.06, $epsilon$ Chamaeleontis  
2MASS J12164593-7753333, 5788664871812309376, 184.1905770, -77.8926675, 9.82, 0.04, -39.82 0.07,  -9.07, 0.07, $epsilon$ Chamaeleontis  
2MASS J12433663-7834076, 5787670088666679040, 190.9017524, -78.5688578, 9.69, 0.17, -39.53 0.31, -13.23, 0.27, $epsilon$ Chamaeleontis  
V* DX Cha              , 5836666564476158336, 180.0203688, -78.1929599, 9.23, 0.06, -39.31 0.11,  -6.21, 0.08, $epsilon$ Chamaeleontis  
RX J1159.7-7601        , 5224879500011370496, 179.9253988, -76.0239644,10.03, 0.02, -41.03 0.04,  -6.19, 0.04, $epsilon$ Chamaeleontis  
HD 105923              , 5854812388999707008, 182.9084287, -71.1767059, 9.40, 0.04, -38.72 0.06,  -7.42, 0.05, $epsilon$ Chamaeleontis  
2MASS J12194369-7403572, 5841382846589454080, 184.9314634, -74.0659433, 9.86, 0.03, -40.32 0.04,  -9.26, 0.04, $epsilon$ Chamaeleontis  
V* DZ Cha              , 5200035927402217088, 177.3817847, -78.8503124, 9.92, 0.03, -41.88 0.05,  -4.27, 0.04, $epsilon$ Chamaeleontis  
CD-74 712              , 5838361599097855104, 189.8380117, -75.0442711, 9.65, 0.03, -38.21 0.04, -12.37, 0.04, $epsilon$ Chamaeleontis  
V* DW Cha              , 5224188216434490880, 179.6165178, -77.9082578, 9.52, 0.04, -39.66 0.06, -12.84, 0.07, $epsilon$ Chamaeleontis  
2MASS J12043615-7731345, 5836756960654872832, 181.1497593, -77.5263411, 9.92, 0.03, -41.36 0.06,  -6.40, 0.05, $epsilon$ Chamaeleontis  
V* VV CrA              , 6719168132036642432, 285.7781056, -37.2139139, 6.70, 0.08,   2.60 0.08, -26.23, 0.10, Corona Australis         
2MASS J19104337-3659092, 6719057081363106048, 287.6807523, -36.9860656, 6.66, 0.11,   1.78 0.09, -32.03, 0.11, Corona Australis         
2MASS J19002906-3656036, 6730838756473386240, 285.1211306, -36.9344576, 6.44, 0.25,   3.79 0.27, -27.95, 0.38, Corona Australis         
2MASS J19022244-3655385, 6731202488668747904, 285.5935562, -36.9275009, 6.67, 0.10,   7.21 0.09, -26.01, 0.11, Corona Australis         
2MASS J19022213-3655409, 6731196617449019392, 285.5922416, -36.9281639, 6.48, 0.04,   5.99 0.03, -27.70, 0.03, Corona Australis         
HD 176386              , 6731200603178623616, 285.4122370, -36.8908341, 6.28, 0.05,   4.16 0.06, -28.50, 0.06, Corona Australis         
HBC 677                , 6731197648241121664, 285.4235435, -36.9981368, 6.37, 0.08,   5.78 0.09, -27.27, 0.09, Corona Australis         
2MASS J19000169-3627576, 6731283135270321792, 285.0070741, -36.4661262, 6.30, 0.07,   4.29 0.07, -26.51, 0.08, Corona Australis         
Cl* NGC 6723 SAW V30   , 6731268601100885888, 285.0065802, -36.6183152, 6.45, 0.06,   3.90 0.06, -27.32, 0.06, Corona Australis         
V* V709 CrA            , 6731197235924261504, 285.3952771, -37.0158405, 6.46, 0.05,   5.76 0.04, -28.70, 0.05, Corona Australis         
V* V721 CrA            , 6719035052475592576, 287.4413610, -37.0740554, 6.43, 0.05,   5.21 0.05, -27.07, 0.07, Corona Australis         
HD 176269              , 6730822302462396160, 285.2635770, -37.0610363, 6.61, 0.07,   3.68 0.06, -27.51, 0.07, Corona Australis         
2MASS J19010971-3647528, 6731212354209151360, 285.2904817, -36.7981445, 6.55, 0.04,   3.27 0.04, -28.22, 0.05, Corona Australis         
HD 176270              , 6730822302462393088, 285.2679644, -37.0616784, 6.13, 0.07,   8.02 0.07, -22.91, 0.07, Corona Australis         
V* DG CrA              , 6718800753416250112, 285.4802188, -37.3947859, 6.38, 0.15,   5.87 0.14, -24.69, 0.20, Corona Australis         
2MASS J19003930-3648121, 6731215790182995968, 285.1637777, -36.8035221, 6.56, 0.06,   4.81 0.06, -27.59, 0.08, Corona Australis         
2MASS J19020012-3702220, 6731194379766533632, 285.5005371, -37.0395952, 6.45, 0.07,   5.12 0.06, -26.53, 0.07, Corona Australis         
2MASS J19012717-3659085, 6731198266716413312, 285.3632542, -36.9858350, 6.55, 0.06,   3.72 0.06, -26.38, 0.07, Corona Australis         
V* S CrA               , 6731210253964165632, 285.2858392, -36.9555966, 6.54, 0.06,   6.81 0.08, -26.16, 0.09, Corona Australis         
2MASS J18585650-3640297, 6730903872482036992, 284.7354809, -36.6750399, 6.62, 0.05,   4.31 0.06, -27.12, 0.07, Corona Australis         
V* V702 CrA            , 6719183147242324480, 285.5082670, -37.1288665, 6.53, 0.05,   4.95 0.05, -25.66, 0.06, Corona Australis         
2MASS J21523325+4710505, 1974726078941910272, 328.1385063,  47.1806933, 1.38, 0.12,  -2.24 0.11,  -3.47, 0.14, IC 5146                  
2MASS J21524956+4712175, 1974731821321311104, 328.2065038,  47.2048604, 1.29, 0.09,  -2.26 0.08,  -3.10, 0.10, IC 5146                  
2MASS J21534087+4715422, 1974545625901682816, 328.4203559,  47.2617424, 1.11, 0.07,  -2.71 0.06,  -3.03, 0.09, IC 5146                  
2MASS J21532749+4716098, 1974546102636490112, 328.3645672,  47.2693831, 1.34, 0.16,  -2.62 0.15,  -3.07, 0.20, IC 5146                  
2MASS J21532928+4715149, 1974546038218539776, 328.3720099,  47.2541147, 1.12, 0.11,  -2.75 0.11,  -2.41, 0.13, IC 5146                  
EM* LkHA 244           , 1974546003858801920, 328.3638717,  47.2473363, 1.31, 0.07,  -3.44 0.06,  -2.80, 0.08, IC 5146                  
EM* LkHA 254           , 1974545415441712896, 328.4437817,  47.2431710, 1.19, 0.20,  -4.35 0.15,  -1.79, 0.13, IC 5146                  
2MASS J21533050+4714440, 1974545282304297856, 328.3771075,  47.2455337, 1.25, 0.05,  -3.06 0.04,  -2.47, 0.06, IC 5146                  
EM* LkHA 239           , 1974732817753715712, 328.1524628,  47.2435333, 1.33, 0.05,  -2.70 0.05,  -3.03, 0.06, IC 5146                  
EM* LkHA 256           , 1974527449600010240, 328.4895823,  46.9956306, 1.20, 0.02,  -2.82 0.03,  -2.82, 0.03, IC 5146                  
2MASS J21532272+4714236, 1974545900779586560, 328.3446670,  47.2398820, 0.94, 0.12,  -3.28 0.12,  -2.84, 0.15, IC 5146                  
2MASS J21532710+4716580, 1974546313096441600, 328.3629331,  47.2827757, 1.09, 0.13,  -3.02 0.12,  -2.84, 0.17, IC 5146                  
2MASS J21532501+4716222, 1974546278732641280, 328.3541792,  47.2728296, 1.10, 0.19,  -2.48 0.18,  -2.34, 0.25, IC 5146                  
2MASS J21462666+4744154, 1977807155344583552, 326.6111404,  47.7376345, 1.24, 0.02,  -1.70 0.02,  -2.75, 0.03, IC 5146                  
BD+46 3471             , 1974732783388041216, 328.1420601,  47.2287654, 1.29, 0.02,  -3.16 0.02,  -2.92, 0.03, IC 5146                  
[BNM2013] 40.04 197    , 1974546450535397376, 328.4005924,  47.2851372, 1.12, 0.05,  -2.79 0.05,  -2.45, 0.07, IC 5146                  
2MASS J21532961+4713542, 1974545247944562048, 328.3733776,  47.2317121, 1.24, 0.03,  -3.59 0.03,  -2.76, 0.03, IC 5146                  
2MASS J21524657+4712498, 1974731890040785664, 328.1941824,  47.2136085, 1.42, 0.06,  -2.90 0.12,  -3.23, 0.09, IC 5146                  
2MASS J21533184+4716148, 1974546033926834304, 328.3826722,  47.2707694, 1.07, 0.14,  -3.54 0.13,  -2.37, 0.17, IC 5146                  
2MASS J21532641+4715431, 1974546072578275840, 328.3600184,  47.2619601, 1.33, 0.04,  -3.05 0.03,  -2.24, 0.04, IC 5146                  
2MASS J21532368+4714074, 1974545896478048768, 328.3486913,  47.2353729, 1.03, 0.14,  -2.76 0.13,  -2.90, 0.18, IC 5146                  
2MASS J21532798+4713450, 1974545247940518656, 328.3665819,  47.2291441, 1.23, 0.10,  -3.49 0.09,  -3.00, 0.11, IC 5146                  
2MASS J21525020+4712204, 1974731855681049600, 328.2091672,  47.2056665, 1.28, 0.08,  -2.33 0.08,  -3.09, 0.09, IC 5146                  
EM* LkHA 240           , 1974731786961571072, 328.1780253,  47.2025010, 1.26, 0.06,  -2.76 0.06,  -3.18, 0.07, IC 5146                  
[BNM2013] 41.04 281    , 1974545282300253312, 328.3948310,  47.2504381, 1.46, 0.20,  -3.15 0.17,  -2.36, 0.22, IC 5146                  
EM* LkHA 248           , 1974545591541945600, 328.4092272,  47.2497077, 1.39, 0.05,  -3.20 0.04,  -2.64, 0.06, IC 5146                  
2MASS J21533209+4716037, 1974546038218538368, 328.3837090,  47.2677094, 1.00, 0.11,  -3.09 0.10,  -2.65, 0.13, IC 5146                  
EM* LkHA 257           , 1976042404824692736, 328.5782338,  47.2026751, 1.26, 0.01,  -2.69 0.01,  -2.40, 0.02, IC 5146                  
IfAHA 157              , 1974546411874133120, 328.3922579,  47.2676766, 1.01, 0.43,  -3.33 0.39,  -2.51, 0.28, IC 5146                  
EM* LkHA 250           , 1974545591541944960, 328.4168851,  47.2572273, 1.19, 0.07,  -2.39 0.06,  -2.48, 0.09, IC 5146                  
[BNM2013] 40.04 554    , 1974545213580783360, 328.3995000,  47.2372724, 1.26, 0.18,  -2.16 0.16,  -2.95, 0.21, IC 5146                  
[BNM2013] 41.04 803    , 1974546308794923776, 328.3612875,  47.2851434, 1.47, 0.16,  -4.01 0.15,  -3.16, 0.20, IC 5146                  
2MASS J21532897+4715304, 1974546033917013120, 328.3707128,  47.2584179, 1.29, 0.10,  -3.16 0.09,  -3.04, 0.12, IC 5146                  
[BNM2013] 40.04 736    , 1974546755471526784, 328.3743895,  47.3064865, 1.13, 0.15,  -2.04 0.14,  -2.50, 0.19, IC 5146                  
2MASS J21523618+4711563, 1974731954457230720, 328.1507585,  47.1989630, 1.27, 0.12,  -2.82 0.12,  -3.53, 0.14, IC 5146                  
EM* LkHA 241           , 1974738452750918144, 328.2814951,  47.4122572, 1.26, 0.12,   4.08 0.13,  -8.45, 0.17, IC 5146                  
[BNM2013] 40.04 444    , 1974546484895134720, 328.3767597,  47.2815464, 1.22, 0.13,  -3.46 0.12,  -2.52, 0.16, IC 5146                  
2MASS J21521960+4714380, 1974727217116377216, 328.0816718,  47.2438831, 1.26, 0.08,  -2.84 0.07,  -3.05, 0.09, IC 5146                  
EM* LkHA 255           , 1976236399907257216, 328.5014108,  47.4228333, 1.42, 0.20,  -6.90 0.21,   1.14, 0.25, IC 5146                  
EM* LkHA 253           , 1974546622334087936, 328.4271621,  47.3069198, 1.24, 0.04,  -3.04 0.04,  -2.59, 0.05, IC 5146                  
2MASS J21524123+4712520, 1974731993119999616, 328.1718152,  47.2144522, 1.13, 0.05,  -2.82 0.05,  -2.92, 0.06, IC 5146                  
2MASS J21532887+4716134, 1974546106938013824, 328.3703169,  47.2704091, 1.40, 0.05,  -3.28 0.05,  -2.72, 0.06, IC 5146                  
2MASS J21524274+4710132, 1974544010993825536, 328.1781060,  47.1703193, 1.22, 0.03,  -2.55 0.03,  -3.32, 0.03, IC 5146                  
EM* LkHA 238           , 1974732886473191168, 328.1440205,  47.2446340, 1.18, 0.11,  -0.86 0.11,  -2.85, 0.13, IC 5146                  
EM* LkHA 242           , 1974545866419852160, 328.3348111,  47.2160635, 1.15, 0.06,  -3.19 0.05,  -2.88, 0.07, IC 5146                  
2MASS J21532583+4715514, 1974546072578275584, 328.3575990,  47.2642675, 1.42, 0.04,  -3.01 0.04,  -2.88, 0.06, IC 5146                  
2MASS J21530863+4712478, 1974544419015796992, 328.2859550,  47.2132756, 1.29, 0.06,  -2.36 0.06,  -2.82, 0.08, IC 5146                  
EM* LkHA 247           , 1974546725413300480, 328.4006311,  47.3100067, 1.36, 0.07,  -2.57 0.06,  -1.97, 0.08, IC 5146                  
2MASS J21533323+4713413, 1974545179225086848, 328.3884392,  47.2281314, 1.15, 0.13,  -2.60 0.11,  -3.11, 0.14, IC 5146                  
2MASS J21533310+4716092, 1974546416175660544, 328.3879181,  47.2692201, 1.35, 0.03,  -3.16 0.03,  -1.94, 0.04, IC 5146                  
2MASS J21531512+4718399, 1974734084761848576, 328.3130154,  47.3111047, 1.27, 0.20,  -1.94 0.19,  -2.07, 0.26, IC 5146                  
2MASS J21532442+4716351, 1974546274435182976, 328.3517680,  47.2764171, 1.53, 0.10,  -2.39 0.09,  -3.68, 0.12, IC 5146                  
2MASS J21533190+4712541, 1974545179225088000, 328.3829472,  47.2150050, 1.30, 0.15,  -2.25 0.15,  -5.10, 0.18, IC 5146                  
2MASS J21531850+4714203, 1974545935135270016, 328.3270644,  47.2389525, 1.24, 0.11,  -3.05 0.10,  -2.85, 0.13, IC 5146                  
[GMM2009] IC5146 68    , 1974545243643018880, 328.3733423,  47.2295383, 0.96, 0.21,  -3.13 0.19,  -2.90, 0.25, IC 5146                  
EM* LkHA 245           , 1974545179225087360, 328.3765777,  47.2204837, 1.36, 0.02,  -3.68 0.02,  -3.00, 0.03, IC 5146                  
2MASS J21523264+4713461, 1974732783393977856, 328.1359989,  47.2294722, 1.22, 0.03,  -2.15 0.03,  -3.37, 0.04, IC 5146                  
2MASS J21532984+4718041, 1974546686752048768, 328.3743341,  47.3011572, 1.37, 0.14,  -3.15 0.13,  -2.37, 0.17, IC 5146                  
EM* LkHA 235           , 1974732852113453312, 328.1281506,  47.2350997, 1.20, 0.04,  -2.82 0.04,  -3.17, 0.05, IC 5146                  
2MASS J21532783+4715422, 1974546102643597696, 328.3659345,  47.2616961, 1.07, 0.06,  -3.29 0.05,  -2.17, 0.07, IC 5146                  
EM* LkHA 251           , 1974546553614612352, 328.4245055,  47.2972983, 1.34, 0.05,  -2.60 0.04,  -2.38, 0.06, IC 5146                  
2MASS J21533849+4712310, 1974544938706921216, 328.4103757,  47.2085950, 1.22, 0.13,  -2.77 0.12,  -2.74, 0.15, IC 5146                  
V* GW Lup              , 6014722194741392512, 236.6862987, -34.5100109, 6.41, 0.05, -14.03 0.03, -23.36, 0.06, Lupus I                  
V* HW Lup              , 6014696635395266304, 236.3224714, -34.3079545, 6.47, 0.07, -15.05 0.04, -22.15, 0.08, Lupus I                  
2MASS J15445789-3423392, 6014695913840754176, 236.2411188, -34.3943633, 6.54, 0.14, -19.05 0.08, -22.13, 0.14, Lupus I                  
Sz 65                  , 6013399894569703040, 234.8656460, -34.7715427, 6.44, 0.04, -13.27 0.03, -22.24, 0.05, Lupus I                  
CD-35 10525            , 6011522757643074304, 237.3003643, -35.6515055, 6.59, 0.04, -14.26 0.02, -23.60, 0.05, Lupus I                  
CD-33 10685            , 6014696841553696768, 236.3035416, -34.2919394, 6.49, 0.05, -13.62 0.03, -21.60, 0.06, Lupus I                  
THA 15-5               , 6011593641784262400, 236.9871891, -35.2430953, 6.38, 0.05, -14.20 0.03, -22.26, 0.05, Lupus I                  
2MASS J15394637-3451027, 6013398451460692992, 234.9431535, -34.8508005, 6.40, 0.03, -15.25 0.02, -22.33, 0.04, Lupus I                  
V* HM Lup              , 6011573266459331072, 236.9608790, -35.4766010, 6.41, 0.04, -14.26 0.02, -23.16, 0.05, Lupus I                  
2MASS J15595416-3750469, 5998186197006313472, 239.9756484, -37.8464614, 6.31, 0.04,  -7.94 0.02, -20.01, 0.05, Lupus II                 
V* RU Lup              , 6010114558131195392, 239.1762329, -37.8210649, 6.27, 0.05, -11.55 0.03, -23.23, 0.07, Lupus II                 
THA 15-10              , 6010133559067032704, 238.9596706, -38.0256188, 6.25, 0.08, -11.79 0.17, -23.36, 0.10, Lupus II                 
WRAY 15-1384           , 6010483616079976448, 239.0086838, -36.9246176, 6.33, 0.03, -11.66 0.02, -22.50, 0.04, Lupus II                 
V* V1093 Sco           , 5997083696085617280, 242.1157011, -39.0113848, 6.30, 0.03, -10.23 0.01, -23.20, 0.04, Lupus III                
2MASS J16085427-3906057, 5997035347614184832, 242.2260955, -39.1017104, 6.43, 0.05,  -8.65 0.02, -23.06, 0.06, Lupus III                
2MASS J16101857-3836125, 5997493397287745408, 242.5773159, -38.6036081, 6.30, 0.09,  -9.48 0.03, -25.21, 0.09, Lupus III                
2MASS J16124373-3815031, 5997549820286701440, 243.1822448, -38.2509508, 6.26, 0.04,  -8.56 0.02, -22.39, 0.05, Lupus III                
2MASS J16085324-3914401, 5997033290348155136, 242.2217836, -39.2445914, 5.96, 0.08, -10.13 0.03, -23.46, 0.10, Lupus III                
V* V1094 Sco           , 5997022192152593664, 242.1506828, -39.3841181, 6.51, 0.04,  -9.83 0.02, -23.43, 0.05, Lupus III                
Sz 108                 , 5997082214303850880, 242.1780239, -39.1051986, 6.61, 0.04, -11.30 0.02, -26.72, 0.05, Lupus III                
2MASS J16083070-3828268, 5997490206145065088, 242.1278598, -38.4742328, 6.41, 0.04,  -9.74 0.02, -25.24, 0.04, Lupus III                
2MASS J16115979-3823383, 5997456224362720896, 242.9990964, -38.3940908, 6.08, 0.10,  -9.11 0.04, -22.66, 0.13, Lupus III                
THA 15-29              , 5997082046818384768, 242.1260689, -39.1032048, 6.27, 0.09,  -9.38 0.03, -23.38, 0.11, Lupus III                
2MASS J16075888-3924347, 5997024116297605248, 241.9953383, -39.4097599, 6.16, 0.10, -10.56 0.04, -23.29, 0.11, Lupus III                
Sz 95                  , 5997087510016827776, 241.9679037, -38.9684596, 6.32, 0.06, -10.85 0.02, -23.39, 0.08, Lupus III                
THA 15-21              , 5997077167735183872, 241.7919041, -39.1843480, 6.23, 0.04,  -9.28 0.02, -25.43, 0.04, Lupus III                
V* V1095 Sco           , 5997413377751192960, 242.4146287, -38.9187368, 6.18, 0.03, -10.52 0.01, -22.23, 0.04, Lupus III                
THA 15-42              , 5997416573223873536, 242.7148877, -38.8872584, 6.14, 0.04,  -9.08 0.02, -23.36, 0.05, Lupus III                
THA 15-30              , 5997082149897384320, 242.1283430, -39.0970045, 6.04, 0.08,  -9.45 0.03, -24.21, 0.09, Lupus III                
2MASS J16092739-3850186, 5997460965995277952, 242.3641124, -38.8383639, 6.14, 0.06,  -9.85 0.14, -22.51, 0.08, Lupus III                
2MASS J16092739-3850186, 5997460966006984576, 242.3640672, -38.8387807, 6.32, 0.04,  -9.88 0.01, -23.22, 0.04, Lupus III                
2MASS J16084940-3905393, 5997035317572422912, 242.2057716, -39.0943921, 6.28, 0.16,  -9.50 0.06, -23.94, 0.19, Lupus III                
2MASS J16102955-3922144, 5997387985921425408, 242.6230805, -39.3707870, 6.13, 0.07,  -8.95 0.03, -24.32, 0.08, Lupus III                
2MASS J16085429-3946046, 5997000717315534592, 242.2261682, -39.7680631, 6.17, 0.05,  -9.84 0.02, -24.22, 0.05, Lupus III                
Sz 115                 , 5997034252420531712, 242.2758284, -39.1478463, 6.33, 0.07, -11.14 0.03, -24.23, 0.09, Lupus III                
Sz 96                  , 5997081119105445376, 242.0525717, -39.1427312, 6.39, 0.04, -10.10 0.02, -23.41, 0.05, Lupus III                
Sz 112                 , 5997457736191421440, 242.2313147, -39.0428658, 6.24, 0.06, -10.31 0.03, -24.32, 0.08, Lupus III                
THA 15-18              , 5997092006822752768, 241.7524365, -39.0388536, 6.31, 0.04, -11.17 0.02, -22.95, 0.05, Lupus III                
THA 15-36              , 5997016728953936640, 242.4275482, -39.3277964, 6.48, 0.08, -17.48 0.13, -26.42, 0.08, Lupus III                
THA 15-40              , 5997388638756468736, 242.5507756, -39.3550977, 6.33, 0.06,  -9.95 0.02, -23.25, 0.07, Lupus III                
2MASS J16071370-3839238, 5997857408673511424, 241.8070111, -38.6567293, 6.29, 0.08,  -7.21 0.04, -22.30, 0.09, Lupus III                
THA 15-35              , 5997410491550194816, 242.2576500, -39.0868853, 6.16, 0.05,  -9.66 0.02, -23.93, 0.05, Lupus III                
THA 15-20              , 5997091358307172224, 241.7982252, -39.0632903, 6.29, 0.05, -10.20 0.02, -22.85, 0.06, Lupus III                
Sz 107                 , 5997082734012938368, 242.1741098, -39.0270513, 6.56, 0.09,  -9.87 0.04, -23.11, 0.11, Lupus III                
Sz 118                 , 5997405509388068352, 242.4526756, -39.1881146, 6.10, 0.04, -10.20 0.02, -23.65, 0.05, Lupus III                
V* V856 Sco            , 5997082081177906048, 242.1428123, -39.1051896, 6.21, 0.06,  -8.95 0.02, -23.01, 0.07, Lupus III                
THA 15-34              , 5997457736191421184, 242.2407904, -39.0397816, 6.13, 0.06, -10.24 0.03, -23.36, 0.08, Lupus III                
2MASS J16095628-3859518, 5997409254599602688, 242.4845142, -38.9977659, 6.37, 0.10,  -9.15 0.04, -24.16, 0.11, Lupus III                
2MASS J16131267-3803513, 5997561193360156160, 243.3027756, -38.0643778, 6.62, 0.04, -15.29 0.02, -25.89, 0.04, Lupus III                
2MASS J16083578-3903479, 5997082557898089856, 242.1490346, -39.0634179, 6.03, 0.08, -10.87 0.03, -23.85, 0.09, Lupus III                
2MASS J16095399-3923275, 5997013327325390592, 242.4748700, -39.3911966, 6.06, 0.05,  -8.32 0.02, -23.96, 0.06, Lupus III                
V* V1027 Sco           , 5997082115537645696, 242.1439630, -39.0929408, 6.19, 0.07,  -7.55 0.03, -19.96, 0.08, Lupus III                
V* V1279 Sco           , 5997082867132347136, 242.0936697, -39.0796687, 6.40, 0.04,  -9.59 0.02, -24.47, 0.05, Lupus III                
2MASS J16090141-3925119, 5997015079686716672, 242.2558404, -39.4200812, 6.09, 0.07,  -9.84 0.02, -23.80, 0.08, Lupus III                
THA 15-33              , 5997006897751436544, 242.2277998, -39.6287490, 6.32, 0.03,  -9.53 0.01, -22.64, 0.03, Lupus III                
THA 15-24              , 5997082871452217344, 242.0907990, -39.0727399, 6.34, 0.06,  -9.14 0.02, -24.14, 0.07, Lupus III                
2MASS J16080017-3902595, 5997084829957204864, 242.0006570, -39.0499634, 6.25, 0.09, -11.43 0.04, -23.56, 0.11, Lupus III                
V* V1193 Sco           , 5997082390415552768, 242.2148196, -39.0550190, 6.27, 0.04,  -9.58 0.01, -23.39, 0.05, Lupus III                
THA 15-25              , 5997082768372892160, 242.1001252, -39.0971667, 6.29, 0.07,  -9.00 0.03, -23.61, 0.09, Lupus III                
SONYC Lup3-5           , 5997083146330022272, 242.0667741, -39.0513028, 6.11, 0.14, -12.03 0.06, -23.74, 0.19, Lupus III                
THA 15-37              , 5997393311680941696, 242.4347910, -39.2251517, 6.31, 0.04,  -8.25 0.01, -24.45, 0.05, Lupus III                
2MASS J16090850-3903430, 5997410628989154816, 242.2853883, -39.0620700, 6.24, 0.08,  -9.93 0.03, -23.77, 0.09, Lupus III                
Sz 130                 , 5995197552601942528, 240.1292602, -41.7270417, 6.24, 0.04, -10.86 0.08, -23.17, 0.05, Lupus IV                 
Sz 133                 , 5995094095435598848, 240.8723938, -41.6672691, 6.53, 0.57,   4.93 1.07, -20.01, 0.80, Lupus IV                 
HD 142527b             , 5994826707951507200, 239.1744709, -42.3232371, 6.36, 0.05, -11.30 0.09, -26.34, 0.06, Lupus IV                 
V* MY Lup              , 5995177933191206016, 240.1854336, -41.9253595, 6.39, 0.05, -11.43 0.10, -23.40, 0.07, Lupus IV                 
2MASS J15592523-4235066, 5994761080849322368, 239.8550411, -42.5852732, 6.79, 0.10, -17.83 0.20, -26.40, 0.15, Lupus IV                 
2MASS J16000060-4221567, 5995139690801717120, 240.0024416, -42.3658857, 6.20, 0.08, -11.84 0.14, -23.71, 0.10, Lupus IV                 
2MASS J16000236-4222145, 5995139484643284864, 240.0097595, -42.3708222, 6.09, 0.08, -12.43 0.17, -23.53, 0.10, Lupus IV                 
2MASS J16002612-4153553, 5995178826544423040, 240.1087757, -41.8988142, 6.09, 0.09, -10.23 0.18, -22.57, 0.13, Lupus IV                 
2MASS J15590456-4210583, 5995157042469914752, 239.7689569, -42.1830001, 6.15, 0.17, -10.56 0.30, -24.31, 0.22, Lupus IV                 
2MASS J16035960-4213565, 5995017988613098368, 240.9982801, -42.2324699, 6.08, 0.15, -15.37 0.33, -20.30, 0.21, Lupus IV                 
2MASS J16034805-4140439, 5995082172606379008, 240.9501793, -41.6789814, 6.44, 0.11, -11.00 0.19, -24.14, 0.13, Lupus IV          